204
 959
 841
 419
 211
  77
 977
 931
 863
 748
 727
 314
 803
 101
 927
 990
 785
 799
 355
  85
 137
 115
 501
 196
 252
 342
 998
 813
 897
 160
 536
 310
 547
 587
 248
 481
 753
 277
 329
  16
 779
  93
 326
 668
 197
  98
 384
 731
 617
 955
 245
 397
 820
 993
 784
 446
 822
  57
 593
 273
  36
 862
 486
 288
 493
 403
 961
 507
 525
 492
 871
 904
 707
 831
 840
 917
 923
 227
 630
 960
  11
 989
 528
  55
 881
 522
 921
 854
 618
 663
 613
 201
 739
 305
 985
 553
 200
 436
  61
 366
 766
 653
 367
 341
 892
 311
 208
 490
  72
 952
 671
 902
 319
 737
 231
 845
 642
 260
 287
 721
 193
 418
 868
 517
 675
 909
 962
 524
 268
  67
 424
 320
 656
 453
 106
 576
 569
 849
 554
 198
 814
 331
 823
 238
   5
 762
 372
 906
 153
 988
 309
 505
 541
  39
 581
 701
 247
 371
 318
 632
 312
 896
 538
 972
 790
 925
 313
 191
 984
 958
 104
 462
 838
 983
 826
 258
 754
 883
  81
 100
 182
 761
 808
 732
 789
 692
 712
  13
 746
 631
 680
 804
 156
 954
 225
 439
 615
 400
  23
 829
  40
 540
 217
  54
 535
 714
 151
  71
 126
 578
  27
 994
 622
 442
 689
 726
 180
 936
 967
 192
 836
 589
 596
 161
 812
  91
 695
 953
 236
  63
 306
 483
  34
 815
 946
 947
 806
 609
 549
 398
 513
 747
 851
 497
 641
 724
 795
 891
 162
 147
 133
  82
 533
 428
 102
 686
 417
 643
 411
 373
 561
 571
 751
 580
 649
 171
 857
 933
 996
 801
 263
 143
 545
 709
 173
 978
 876
 770
 511
 665
 365
 509
 916
 334
 351
 105
 165
 241
 186
 924
 846
 390
 526
 363
 381
 586
 429
 661
 911
 847
 272
 184
 619
  25
 691
 567
 111
 266
 805
 864
 696
  66
 261
 359
 681
 423
 725
 210
 745
 141
 291
 704
 233
 520
 174
 515
 651
 110
  46
 221
 965
  90
 340
 602
 203
 810
 506
 144
 383
 550
 116
 971
 534
 888
 426
 323
 167
 512
 463
 915
 733
 616
  32
 741
 131
 361
 694
 764
 818
 558
  49
 274
 839
  12
 742
 777
 555
 286
 660
 758
 479
 548
 393
 154
 901
 364
 797
 120
 431
   7
 321
 109
 715
 786
 170
 468
 629
 559
 693
 234
  76
 117
 760
 750
  99
 539
 899
 188
 655
   4
 773
 673
 275
 987
 700
 690
 594
 951
 514
 865
 112
 859
 621
 406
 720
 976
 792
 443
 132
 377
 887
 530
 542
 945
 222
 226
 444
 738
 460
  30
 386
 684
 138
 702
 605
 775
 730
 385
 674
 199
 253
 473
 970
 908
 452
 713
 895
 470
 148
 187
 811
 134
 575
 451
 950
 149
 477
 122
 223
 124
 682
 441
 723
 654
 281
 884
 527
  28
 301
 973
 980
 206
 213
 759
 257
 495
 842
 333
 885
  51
  43
 669
 432
 552
 146
  22
 402
 348
 577
 717
 623
 938
 878
 420
1000
 408
 140
 339
 370
 624
  31
 697
 793
 271
 782
 169
 922
 163
 244
 907
 591
 465
 347
 412
 242
 920
  21
 447
 877
 949
 722
 256
  26
 564
  75
 307
 926
 929
 125
 178
 322
 636
   9
 294
 374
 346
   8
 474
 297
 563
 510
 243
 679
 413
 181
 308
 430
 330
 898
 997
 556
 767
 685
 699
 388
 410
 523
 139
 638
 317
 633
 601
 279
 932
 966
 565
 866
 574
 350
 421
 627
 202
 136
 158
 123
 304
 166
 189
 389
  19
 670
 705
  58
 850
 425
 455
 640
 858
 544
 710
 935
 407
 809
 175
 464
 802
 711
  37
 440
 327
 409
 903
 404
 489
 142
 703
 756
 296
 969
   3
 278
 130
 882
 894
 788
  44
 449
 912
 551
 743
 870
 913
 345
 396
 666
 843
 502
 942
 716
 360
 783
 956
 469
 875
 376
 485
   2
 246
 215
  15
 744
 382
 484
 378
  87
 255
 401
 893
 356
 572
 752
 664
 772
 475
 794
 127
 787
 164
 457
  14
 433
 284
  48
 774
 650
 735
 964
 647
 476
 508
 867
 672
 108
 817
  50
 614
 807
  35
 834
 599
 405
 395
 582
 195
 232
 280
 416
 283
 303
 353
  17
 944
 427
  86
 209
 459
 873
 662
 289
 688
 889
 608
  24
 496
 678
 157
 488
 119
 585
  94
 179
 606
 825
  33
 827
 900
 422
  89
 219
 519
 995
 128
 240
 918
  10
 562
 324
 610
 781
 626
 392
 848
 886
  84
 584
 129
 981
 293
 369
 276
 824
 957
 295
 471
 568
 155
 185
 992
 114
 302
 835
 905
 975
  64
 448
  78
 145
 343
 478
  88
 939
 532
 434
 646
 780
 855
 103
 315
 604
 708
 498
 659
  47
  38
 299
 880
 645
 595
 352
  56
 494
 749
 362
 270
 991
 250
 251
 504
 354
 844
  96
 531
 194
 570
 337
 796
 220
 637
 948
 860
 861
 172
  62
 821
  70
 798
  73
 491
 698
 159
 349
 176
 718
 344
 625
 265
 239
 332
 437
 634
 391
 573
 183
 461
  20
 853
 928
 828
  92
  52
 249
 262
 914
 282
 833
 999
 982
 168
 529
  83
 450
 316
 729
 600
 205
 218
 380
  68
 757
 755
 583
 986
 325
  42
 590
 230
 579
  80
 300
 379
 763
 706
 856
 207
 368
 852
 771
 190
 940
 537
 963
 652
  59
 919
 357
 734
  45
  95
 290
 335
  65
 837
 414
 872
 930
 687
 292
 152
 254
 435
 588
 267
 264
 224
 910
 229
 214
 480
 557
 237
 736
 800
  41
 648
 500
   1
 639
  18
 458
 212
 415
 543
 118
 328
 503
 399
 135
 285
 598
 113
  97
 628
 934
 467
 298
 177
 943
 597
 677
 816
 974
 482
 791
 937
 769
 228
 819
  60
 728
 607
  79
 516
 603
 719
 107
 466
 375
 487
 150
 765
 438
 456
 518
 499
 216
 611
 644
 592
 667
 521
 259
 830
 336
 832
 612
 941
  53
 338
 445
 635
  69
 869
 387
   6
 394
  74
 776
 546
 979
 768
 740
 658
 620
 454
  29
 968
 657
 683
 879
 235
 890
 566
 676
 121
 472
 358
 778
 269
 560
 874